------------ Part A (1) --------------

The random generated matrix A is given as

  0.492 -0.434  0.176  0.191  0.233
  0.116  0.168  0.555  0.211 -0.095
  0.280  0.205 -0.297  0.010  0.760
  0.537 -0.244 -0.123 -0.459 -0.270
  0.010  0.254 -0.027  0.580 -0.050
  0.235 -0.272 -0.187  0.512  0.003
  0.301  0.402 -0.178 -0.173 -0.093
  0.307  0.005  0.501  0.025 -0.106
  0.309  0.311 -0.387  0.240 -0.480
  0.207  0.534  0.297 -0.148  0.180


The matrix R is given as

  1.707  1.591  1.785  1.356  1.870
  0.000  0.897  0.562  0.139  0.582
  0.000  0.000  0.841 -0.314  0.512
  0.000  0.000  0.000  1.289  0.061
  0.000  0.000  0.000  0.000  0.607


The matrix Q is given as

  0.492 -0.434  0.176  0.191  0.233
  0.116  0.168  0.555  0.211 -0.095
  0.280  0.205 -0.297  0.010  0.760
  0.537 -0.244 -0.123 -0.459 -0.270
  0.010  0.254 -0.027  0.580 -0.050
  0.235 -0.272 -0.187  0.512  0.003
  0.301  0.402 -0.178 -0.173 -0.093
  0.307  0.005  0.501  0.025 -0.106
  0.309  0.311 -0.387  0.240 -0.480
  0.207  0.534  0.297 -0.148  0.180


The matrix product QTQ is given as

  1.000 -0.000  0.000 -0.000 -0.000
 -0.000  1.000  0.000 -0.000 -0.000
  0.000  0.000  1.000  0.000 -0.000
 -0.000 -0.000  0.000  1.000 -0.000
 -0.000 -0.000 -0.000 -0.000  1.000


We check QR=A, since QR is:

  0.492 -0.434  0.176  0.191  0.233
  0.116  0.168  0.555  0.211 -0.095
  0.280  0.205 -0.297  0.010  0.760
  0.537 -0.244 -0.123 -0.459 -0.270
  0.010  0.254 -0.027  0.580 -0.050
  0.235 -0.272 -0.187  0.512  0.003
  0.301  0.402 -0.178 -0.173 -0.093
  0.307  0.005  0.501  0.025 -0.106
  0.309  0.311 -0.387  0.240 -0.480
  0.207  0.534  0.297 -0.148  0.180


------------ Part A (2) --------------

Our random-generated matrix, A, is:

  0.526  0.086  0.192  0.663  0.890
  0.349  0.064  0.020  0.458  0.063
  0.238  0.971  0.902  0.851  0.267
  0.540  0.375  0.760  0.513  0.668
  0.532  0.039  0.438  0.932  0.931


Our random-generated vector, b, is:

  0.721
  0.284
  0.739
  0.640
  0.354
We now wanna solve Ax=b for x.

Using our implementation we get x to be:

  1.058
  1.517
 -0.843
 -0.436
  0.545
Using GSL's implementation we get that Ax is equal to:

  0.721
  0.284
  0.739
  0.640
  0.354
which equals b, so our implementation works.



-------------- Part B --------------

the inverse of A(QR) is :

  0.646  2.433 -0.881  1.913 -1.903
  2.786 -0.206  1.094 -0.496 -2.608
 -2.750 -0.485 -0.357  1.457  1.720
 -1.014  0.625  0.519 -1.404  1.786
  1.821 -1.779  0.105 -0.351 -0.325


We check that B^-1B becomes unity:

  1.000  0.000 -0.000  0.000  0.000
  0.000  1.000  0.000  0.000 -0.000
 -0.000  0.000  1.000 -0.000  0.000
  0.000  0.000  0.000  1.000  0.000
 -0.000 -0.000  0.000  0.000  1.000


We check that BB^_1 becomes unity

  1.000  0.000  0.000  0.000  0.000
  0.000  1.000 -0.000  0.000  0.000
 -0.000  0.000  1.000  0.000 -0.000
 -0.000  0.000 -0.000  1.000 -0.000
 -0.000 -0.000 -0.000 -0.000  1.000
